admin
admin
3
1
1
1
2
1
3
2
202300004
1
2024
1
2024-02-15
600.00
yes
2
202300019
2
2024
1
2024-02-10
450.00
yes
2
202300020
0
2024
1
2024-03-01
300.00
yes
2
999999999
2
202300001
1
2023
1
2023-08-15
500.00
yes
2
202300021
1
2024
2
2024-07-15
550.00
yes
3
1
yes
3
5
no
3
2
yes
3
999
3
7
yes
4
202300001
4
202300010
4
202300019
4
999999999
5
1
5
2
5
999
6
1
6
2
6
3
6
4
2023
8
6
4
2024
1
2
202300022
1
2024
1
2024-01-30
750.00
yes
2
202300023
2
2024
1
2024-02-28
0
2
202300023
2
2024
1
2024-13-01
400.00
2
202300023
2
2024
1
2024-02-28
400.00
yes
3
4
yes
3
6
yes
3
8
yes
6
1
6
2
6
3
1
2
4
202300001
5
1
2
202300001
1
2024
2
2024-08-15
600.00
yes
2
202300002
2
2024
2
2024-08-10
450.00
yes
2
202300003
1
2024
2
2024-08-15
600.00
yes
3
1
2
3
6
4
2024
8
6
4
2024
2
6
1
2
abc
2
202300001
abc
2
202300001
1
abc
2
202300001
1
2024
abc
2
202300001
1
2024
1
invalid-date
2
202300001
1
2024
1
2024-02-15
abc
3
abc
4
abc
5
abc
6
4
abc
1
6
4
2024
abc
7
5
